 x/h, U+, V+
  2.45437E-02  2.65566E-01  4.09392E-03
  7.36311E-02  2.85641E-01  2.20963E-03
  1.22718E-01  3.05987E-01  8.89011E-04
  1.71806E-01  3.22125E-01  9.07275E-04
  2.20893E-01  3.29584E-01  8.38452E-04
  2.69981E-01  3.26400E-01 -1.26160E-03
  3.19068E-01  3.14679E-01 -2.38171E-03
  3.68155E-01  2.94721E-01 -6.87757E-04
  4.17243E-01  2.65112E-01 -5.65749E-05
  4.66330E-01  2.32833E-01 -5.35795E-04
  5.15418E-01  2.09754E-01  2.93830E-03
  5.64505E-01  1.98640E-01  1.15625E-02
  6.13592E-01  1.94682E-01  2.27136E-02
  6.62680E-01  1.96226E-01  3.38751E-02
  7.11767E-01  2.07362E-01  4.17523E-02
  7.60854E-01  2.33230E-01  4.14329E-02
  8.09942E-01  2.73118E-01  2.99799E-02
  8.59029E-01  3.16273E-01  1.21648E-02
  9.08117E-01  3.47922E-01 -3.29103E-03
  9.57204E-01  3.60781E-01 -1.18859E-02
  1.00629E+00  3.59558E-01 -1.82354E-02
  1.05538E+00  3.60117E-01 -2.67921E-02
  1.10447E+00  3.72130E-01 -2.94948E-02
  1.15355E+00  3.73630E-01 -2.18203E-02
  1.20264E+00  3.40690E-01 -9.12181E-03
  1.25173E+00  2.89498E-01  7.31383E-03
  1.30082E+00  2.47556E-01  2.20095E-02
  1.34990E+00  2.25732E-01  2.70501E-02
  1.39899E+00  2.34909E-01  2.44770E-02
  1.44808E+00  2.77258E-01  2.05504E-02
  1.49717E+00  3.22329E-01  1.67335E-02
  1.54625E+00  3.37550E-01  8.90315E-03
  1.59534E+00  3.30999E-01 -4.82629E-03
  1.64443E+00  3.35137E-01 -1.92922E-02
  1.69351E+00  3.57680E-01 -2.88067E-02
  1.74260E+00  3.74612E-01 -3.50877E-02
  1.79169E+00  3.77984E-01 -3.42992E-02
  1.84078E+00  3.85329E-01 -2.31654E-02
  1.88986E+00  3.97232E-01 -7.31258E-03
  1.93895E+00  3.97054E-01  1.43439E-02
  1.98804E+00  3.76112E-01  4.08149E-02
  2.03713E+00  3.36189E-01  6.14720E-02
  2.08621E+00  2.86704E-01  6.82119E-02
  2.13530E+00  2.41037E-01  6.29691E-02
  2.18439E+00  2.10012E-01  5.34588E-02
  2.23348E+00  1.97004E-01  4.57549E-02
  2.28256E+00  1.98525E-01  4.10257E-02
  2.33165E+00  2.08662E-01  3.77667E-02
  2.38074E+00  2.22346E-01  3.53852E-02
  2.42983E+00  2.35602E-01  3.49489E-02
  2.47891E+00  2.45321E-01  3.71407E-02
  2.52800E+00  2.50493E-01  4.05554E-02
  2.57709E+00  2.53128E-01  4.22748E-02
  2.62618E+00  2.56425E-01  3.98346E-02
  2.67526E+00  2.61425E-01  3.38407E-02
  2.72435E+00  2.66231E-01  2.87226E-02
  2.77344E+00  2.69257E-01  2.85214E-02
  2.82252E+00  2.72755E-01  3.18640E-02
  2.87161E+00  2.80422E-01  3.05980E-02
  2.92070E+00  2.91969E-01  1.66949E-02
  2.96979E+00  3.04571E-01 -6.04547E-03
  3.01887E+00  3.17221E-01 -2.75251E-02
  3.06796E+00  3.29365E-01 -4.34225E-02
  3.11705E+00  3.40465E-01 -5.19971E-02
  3.16614E+00  3.52669E-01 -5.04471E-02
  3.21522E+00  3.69955E-01 -4.14674E-02
  3.26431E+00  3.93904E-01 -3.04965E-02
  3.31340E+00  4.19086E-01 -1.92600E-02
  3.36249E+00  4.35293E-01 -8.62494E-03
  3.41157E+00  4.36692E-01 -8.21547E-04
  3.46066E+00  4.26290E-01  2.54778E-03
  3.50975E+00  4.12775E-01  1.90112E-03
  3.55884E+00  4.04044E-01 -6.12763E-04
  3.60792E+00  4.00836E-01 -2.50469E-03
  3.65701E+00  3.96804E-01 -3.10316E-03
  3.70610E+00  3.86939E-01 -4.18485E-03
  3.75518E+00  3.74118E-01 -7.38985E-03
  3.80427E+00  3.65467E-01 -1.17371E-02
  3.85336E+00  3.63566E-01 -1.47623E-02
  3.90245E+00  3.62725E-01 -1.46467E-02
  3.95153E+00  3.52732E-01 -1.12468E-02
  4.00062E+00  3.26724E-01 -6.88357E-03
  4.04971E+00  2.88949E-01 -3.23524E-03
  4.09880E+00  2.52647E-01  1.09748E-03
  4.14788E+00  2.28100E-01  6.68831E-03
  4.19697E+00  2.16501E-01  1.13279E-02
  4.24606E+00  2.14325E-01  1.31287E-02
  4.29515E+00  2.18918E-01  1.22231E-02
  4.34423E+00  2.29307E-01  1.01841E-02
  4.39332E+00  2.43007E-01  9.04427E-03
  4.44241E+00  2.55062E-01  9.33407E-03
  4.49150E+00  2.63743E-01  9.17806E-03
  4.54058E+00  2.69187E-01  8.49991E-03
  4.58967E+00  2.60361E-01  1.18354E-02
  4.63876E+00  2.26210E-01  2.20651E-02
  4.68785E+00  1.79572E-01  3.33579E-02
  4.73693E+00  1.44052E-01  3.52976E-02
  4.78602E+00  1.30200E-01  2.63293E-02
  4.83511E+00  1.35397E-01  1.63491E-02
  4.88419E+00  1.53151E-01  1.52530E-02
  4.93328E+00  1.77714E-01  2.38517E-02
  4.98237E+00  2.04809E-01  3.52398E-02
  5.03146E+00  2.31209E-01  4.31478E-02
  5.08054E+00  2.53585E-01  4.61051E-02
  5.12963E+00  2.70063E-01  4.49578E-02
  5.17872E+00  2.82072E-01  3.97433E-02
  5.22781E+00  2.90465E-01  3.04497E-02
  5.27689E+00  2.91954E-01  1.94210E-02
  5.32598E+00  2.84731E-01  8.72572E-03
  5.37507E+00  2.74263E-01 -4.70783E-03
  5.42416E+00  2.72593E-01 -2.25338E-02
  5.47324E+00  2.88469E-01 -3.39587E-02
  5.52233E+00  3.07811E-01 -3.07399E-02
  5.57142E+00  3.05696E-01 -2.33594E-02
  5.62051E+00  2.81981E-01 -2.05198E-02
  5.66959E+00  2.56115E-01 -1.88099E-02
  5.71868E+00  2.39712E-01 -1.40717E-02
  5.76777E+00  2.33170E-01 -7.40284E-03
  5.81686E+00  2.35309E-01 -2.64692E-03
  5.86594E+00  2.45958E-01 -9.50770E-04
  5.91503E+00  2.60527E-01  2.46983E-03
  5.96412E+00  2.60513E-01  1.33454E-02
  6.01320E+00  2.33686E-01  3.40153E-02
  6.06229E+00  2.07390E-01  6.43841E-02
  6.11138E+00  2.18032E-01  9.91047E-02
  6.16047E+00  2.64540E-01  1.28361E-01
  6.20955E+00  3.20921E-01  1.41222E-01
  6.25864E+00  3.70845E-01  1.36892E-01
  6.30773E+00  4.09243E-01  1.20735E-01
  6.35682E+00  4.28409E-01  9.09371E-02
  6.40590E+00  4.37494E-01  5.70590E-02
  6.45499E+00  4.48218E-01  4.25439E-02
  6.50408E+00  4.43392E-01  4.81207E-02
  6.55317E+00  4.14116E-01  5.64427E-02
  6.60225E+00  3.78601E-01  5.92150E-02
  6.65134E+00  3.54753E-01  5.67546E-02
  6.70043E+00  3.49671E-01  5.14034E-02
  6.74952E+00  3.63256E-01  4.22930E-02
  6.79860E+00  3.88851E-01  2.68873E-02
  6.84769E+00  4.16023E-01  8.26951E-03
  6.89678E+00  4.37359E-01 -2.89420E-03
  6.94587E+00  4.44684E-01 -1.06503E-03
  6.99495E+00  4.21969E-01  6.59764E-03
  7.04404E+00  3.64333E-01  1.64515E-02
  7.09313E+00  3.00439E-01  3.42711E-02
  7.14221E+00  2.68822E-01  4.91212E-02
  7.19130E+00  2.88350E-01  2.92161E-02
  7.24039E+00  3.47623E-01 -1.46534E-02
  7.28948E+00  4.03447E-01 -4.01478E-02
  7.33856E+00  4.04545E-01 -4.82651E-02
  7.38765E+00  3.49519E-01 -4.93080E-02
  7.43674E+00  2.93967E-01 -3.21624E-02
  7.48583E+00  2.68797E-01 -2.02974E-03
  7.53491E+00  2.62261E-01  2.24226E-02
  7.58400E+00  2.63340E-01  3.44010E-02
  7.63309E+00  2.68951E-01  3.67080E-02
  7.68218E+00  2.75888E-01  3.39870E-02
  7.73126E+00  2.78815E-01  3.00495E-02
  7.78035E+00  2.71792E-01  2.62446E-02
  7.82944E+00  2.52635E-01  2.22704E-02
  7.87853E+00  2.26026E-01  1.86354E-02
  7.92761E+00  2.01366E-01  1.69299E-02
  7.97670E+00  1.86288E-01  1.83309E-02
  8.02579E+00  1.81979E-01  2.28709E-02
  8.07487E+00  1.84822E-01  2.95616E-02
  8.12396E+00  1.91087E-01  3.64824E-02
  8.17305E+00  1.99286E-01  4.18350E-02
  8.22214E+00  2.08902E-01  4.53565E-02
  8.27122E+00  2.18554E-01  4.83084E-02
  8.32031E+00  2.27015E-01  5.21114E-02
  8.36940E+00  2.36531E-01  5.72240E-02
  8.41849E+00  2.54135E-01  6.35830E-02
  8.46757E+00  2.86435E-01  7.14502E-02
  8.51666E+00  3.29528E-01  7.98439E-02
  8.56575E+00  3.66803E-01  8.30581E-02
  8.61484E+00  3.85467E-01  7.33117E-02
  8.66392E+00  3.94404E-01  5.45324E-02
  8.71301E+00  4.09355E-01  4.37141E-02
  8.76210E+00  4.22984E-01  4.40426E-02
  8.81119E+00  4.16815E-01  4.32917E-02
  8.86027E+00  3.94704E-01  3.47074E-02
  8.90936E+00  3.79289E-01  1.53269E-02
  8.95845E+00  3.85357E-01 -6.92432E-03
  9.00754E+00  4.10718E-01 -1.57355E-02
  9.05662E+00  4.47457E-01 -1.32846E-02
  9.10571E+00  4.88764E-01 -1.87177E-02
  9.15480E+00  5.26039E-01 -3.87512E-02
  9.20388E+00  5.50133E-01 -4.93183E-02
  9.25297E+00  5.48398E-01 -2.38079E-02
  9.30206E+00  5.11958E-01  1.70773E-02
  9.35115E+00  4.63006E-01  2.80243E-02
  9.40023E+00  4.34874E-01 -1.01569E-03
  9.44932E+00  4.33970E-01 -4.72788E-02
  9.49841E+00  4.46880E-01 -8.98672E-02
  9.54750E+00  4.61955E-01 -1.22408E-01
  9.59658E+00  4.81630E-01 -1.41847E-01
  9.64567E+00  5.03703E-01 -1.42864E-01
  9.69476E+00  5.21178E-01 -1.34004E-01
  9.74385E+00  5.45001E-01 -1.25238E-01
  9.79293E+00  5.81125E-01 -1.09405E-01
  9.84202E+00  6.08885E-01 -7.95967E-02
  9.89111E+00  6.07415E-01 -4.34242E-02
  9.94020E+00  5.78856E-01 -1.24379E-02
  9.98928E+00  5.39250E-01  5.29141E-03
  1.00384E+01  5.05764E-01  6.30868E-03
  1.00875E+01  4.91300E-01 -5.73124E-03
  1.01365E+01  4.96507E-01 -2.17180E-02
  1.01856E+01  5.07065E-01 -3.58081E-02
  1.02347E+01  5.12395E-01 -4.71443E-02
  1.02838E+01  5.21369E-01 -5.04143E-02
  1.03329E+01  5.39429E-01 -4.00167E-02
  1.03820E+01  5.50316E-01 -2.21449E-02
  1.04311E+01  5.40189E-01 -5.69255E-03
  1.04802E+01  5.13876E-01  6.65862E-03
  1.05292E+01  4.81377E-01  1.41618E-02
  1.05783E+01  4.46341E-01  1.53351E-02
  1.06274E+01  4.07570E-01  1.04987E-02
  1.06765E+01  3.64342E-01  3.01461E-03
  1.07256E+01  3.19641E-01 -2.86230E-03
  1.07747E+01  2.79144E-01 -4.81685E-03
  1.08238E+01  2.46822E-01 -2.81931E-03
  1.08729E+01  2.22577E-01  2.55656E-03
  1.09219E+01  2.04707E-01  1.02893E-02
  1.09710E+01  1.92446E-01  1.90798E-02
  1.10201E+01  1.83840E-01  2.85361E-02
  1.10692E+01  1.73641E-01  3.82533E-02
  1.11183E+01  1.56546E-01  4.63777E-02
  1.11674E+01  1.32129E-01  4.88758E-02
  1.12165E+01  1.07263E-01  4.08323E-02
  1.12656E+01  9.37356E-02  2.22226E-02
  1.13146E+01  9.97003E-02  2.32899E-03
  1.13637E+01  1.22476E-01 -7.51744E-03
  1.14128E+01  1.51650E-01 -4.79613E-03
  1.14619E+01  1.78182E-01  4.98688E-03
  1.15110E+01  1.98754E-01  1.57894E-02
  1.15601E+01  2.13883E-01  2.42668E-02
  1.16092E+01  2.25077E-01  2.89932E-02
  1.16583E+01  2.33371E-01  2.96506E-02
  1.17073E+01  2.39104E-01  2.71511E-02
  1.17564E+01  2.42737E-01  2.33457E-02
  1.18055E+01  2.45549E-01  2.01540E-02
  1.18546E+01  2.48689E-01  1.89787E-02
  1.19037E+01  2.51608E-01  2.00647E-02
  1.19528E+01  2.52582E-01  2.18571E-02
  1.20019E+01  2.51373E-01  2.17569E-02
  1.20510E+01  2.50695E-01  1.83064E-02
  1.21000E+01  2.54365E-01  1.27758E-02
  1.21491E+01  2.64253E-01  8.38856E-03
  1.21982E+01  2.79606E-01  7.34246E-03
  1.22473E+01  2.99886E-01  8.35051E-03
  1.22964E+01  3.25136E-01  7.65843E-03
  1.23455E+01  3.45503E-01  3.86353E-03
  1.23946E+01  3.39206E-01  1.61048E-03
  1.24437E+01  3.02946E-01  4.43088E-03
  1.24927E+01  2.66078E-01  7.69670E-03
  1.25418E+01  1.26300E-01  6.72134E-03
