 x/h, U+, V+
  2.45437E-02  5.04493E-01 -5.53149E-03
  7.36311E-02  5.03757E-01 -4.32836E-03
  1.22718E-01  5.01202E-01 -3.33792E-03
  1.71806E-01  4.97050E-01 -2.74084E-03
  2.20893E-01  4.91383E-01 -2.41958E-03
  2.69981E-01  4.84209E-01 -1.97624E-03
  3.19068E-01  4.75556E-01 -9.34085E-04
  3.68155E-01  4.65404E-01  9.79627E-04
  4.17243E-01  4.53377E-01  3.67511E-03
  4.66330E-01  4.38633E-01  6.74128E-03
  5.15418E-01  4.20429E-01  9.59699E-03
  5.64505E-01  3.99163E-01  1.16725E-02
  6.13592E-01  3.76869E-01  1.25890E-02
  6.62680E-01  3.56537E-01  1.22788E-02
  7.11767E-01  3.40776E-01  1.09827E-02
  7.60854E-01  3.30776E-01  9.12614E-03
  8.09942E-01  3.26108E-01  7.14307E-03
  8.59029E-01  3.25265E-01  5.37045E-03
  9.08117E-01  3.26516E-01  4.07145E-03
  9.57204E-01  3.28656E-01  3.47276E-03
  1.00629E+00  3.31308E-01  3.67064E-03
  1.05538E+00  3.34733E-01  4.47107E-03
  1.10447E+00  3.39417E-01  5.38106E-03
  1.15355E+00  3.45730E-01  5.84254E-03
  1.20264E+00  3.53742E-01  5.55794E-03
  1.25173E+00  3.63015E-01  4.66267E-03
  1.30082E+00  3.72496E-01  3.59575E-03
  1.34990E+00  3.80797E-01  2.75145E-03
  1.39899E+00  3.86896E-01  2.24568E-03
  1.44808E+00  3.90718E-01  2.02287E-03
  1.49717E+00  3.93113E-01  2.07114E-03
  1.54625E+00  3.95328E-01  2.34084E-03
  1.59534E+00  3.98445E-01  2.39615E-03
  1.64443E+00  4.03099E-01  1.39454E-03
  1.69351E+00  4.09341E-01 -1.26693E-03
  1.74260E+00  4.16549E-01 -5.28903E-03
  1.79169E+00  4.23565E-01 -9.57840E-03
  1.84078E+00  4.29021E-01 -1.29579E-02
  1.88986E+00  4.31490E-01 -1.48146E-02
  1.93895E+00  4.29606E-01 -1.53017E-02
  1.98804E+00  4.22774E-01 -1.50434E-02
  2.03713E+00  4.12211E-01 -1.45887E-02
  2.08621E+00  4.00954E-01 -1.40896E-02
  2.13530E+00  3.92494E-01 -1.34560E-02
  2.18439E+00  3.89286E-01 -1.27075E-02
  2.23348E+00  3.92305E-01 -1.20491E-02
  2.28256E+00  4.01395E-01 -1.15232E-02
  2.33165E+00  4.15505E-01 -1.06484E-02
  2.38074E+00  4.32537E-01 -8.63590E-03
  2.42983E+00  4.49431E-01 -5.15085E-03
  2.47891E+00  4.63029E-01 -7.88530E-04
  2.52800E+00  4.71262E-01  3.32032E-03
  2.57709E+00  4.73712E-01  6.33140E-03
  2.62618E+00  4.71243E-01  8.15680E-03
  2.67526E+00  4.65306E-01  9.32922E-03
  2.72435E+00  4.57669E-01  1.05587E-02
  2.77344E+00  4.50467E-01  1.23964E-02
  2.82252E+00  4.45865E-01  1.50442E-02
  2.87161E+00  4.45211E-01  1.82410E-02
  2.92070E+00  4.48505E-01  2.13475E-02
  2.96979E+00  4.54672E-01  2.36053E-02
  3.01887E+00  4.62293E-01  2.44019E-02
  3.06796E+00  4.70192E-01  2.34381E-02
  3.11705E+00  4.77693E-01  2.08379E-02
  3.16614E+00  4.84633E-01  1.71530E-02
  3.21522E+00  4.91269E-01  1.30462E-02
  3.26431E+00  4.98130E-01  8.91996E-03
  3.31340E+00  5.05785E-01  4.86918E-03
  3.36249E+00  5.14479E-01  7.77398E-04
  3.41157E+00  5.23947E-01 -3.43959E-03
  3.46066E+00  5.33528E-01 -7.62057E-03
  3.50975E+00  5.42471E-01 -1.16464E-02
  3.55884E+00  5.50253E-01 -1.54285E-02
  3.60792E+00  5.56731E-01 -1.83238E-02
  3.65701E+00  5.62227E-01 -1.95550E-02
  3.70610E+00  5.67505E-01 -1.90756E-02
  3.75518E+00  5.73006E-01 -1.72342E-02
  3.80427E+00  5.78028E-01 -1.46520E-02
  3.85336E+00  5.81666E-01 -1.23396E-02
  3.90245E+00  5.84143E-01 -1.05056E-02
  3.95153E+00  5.85992E-01 -8.55615E-03
  4.00062E+00  5.86693E-01 -6.80514E-03
  4.04971E+00  5.84962E-01 -5.87312E-03
  4.09880E+00  5.79908E-01 -5.11875E-03
  4.14788E+00  5.71207E-01 -3.86109E-03
  4.19697E+00  5.57282E-01 -2.24759E-03
  4.24606E+00  5.36431E-01  9.65905E-04
  4.29515E+00  5.12928E-01  8.19943E-03
  4.34423E+00  4.95849E-01  1.72238E-02
  4.39332E+00  4.88731E-01  1.96083E-02
  4.44241E+00  4.87491E-01  9.99858E-03
  4.49150E+00  4.89327E-01 -6.82310E-03
  4.54058E+00  4.95282E-01 -2.06285E-02
  4.58967E+00  5.02388E-01 -2.59978E-02
  4.63876E+00  5.03029E-01 -2.46784E-02
  4.68785E+00  4.95106E-01 -2.00332E-02
  4.73693E+00  4.86602E-01 -1.45900E-02
  4.78602E+00  4.89035E-01 -9.70169E-03
  4.83511E+00  5.07874E-01 -4.68384E-03
  4.88419E+00  5.37444E-01  1.25802E-03
  4.93328E+00  5.63937E-01  6.21656E-03
  4.98237E+00  5.74981E-01  7.41291E-03
  5.03146E+00  5.66683E-01  4.62958E-03
  5.08054E+00  5.43221E-01  3.08362E-04
  5.12963E+00  5.13262E-01 -2.42178E-03
  5.17872E+00  4.85831E-01 -1.78383E-03
  5.22781E+00  4.66660E-01  1.52355E-03
  5.27689E+00  4.57609E-01  5.29397E-03
  5.32598E+00  4.58486E-01  8.26118E-03
  5.37507E+00  4.67843E-01  1.11747E-02
  5.42416E+00  4.82521E-01  1.47920E-02
  5.47324E+00  4.98958E-01  1.75919E-02
  5.52233E+00  5.16655E-01  1.75909E-02
  5.57142E+00  5.38179E-01  1.57365E-02
  5.62051E+00  5.62059E-01  1.35926E-02
  5.66959E+00  5.80015E-01  9.19442E-03
  5.71868E+00  5.90041E-01  1.90559E-03
  5.76777E+00  6.03045E-01 -2.70097E-03
  5.81686E+00  6.18768E-01 -2.49360E-03
  5.86594E+00  6.14413E-01 -2.55929E-03
  5.91503E+00  5.80281E-01 -1.32789E-03
  5.96412E+00  5.39424E-01  5.37269E-03
  6.01320E+00  5.18156E-01  1.03715E-02
  6.06229E+00  5.21956E-01  4.32920E-03
  6.11138E+00  5.40141E-01 -1.11422E-02
  6.16047E+00  5.60249E-01 -2.54753E-02
  6.20955E+00  5.81678E-01 -2.74573E-02
  6.25864E+00  6.07332E-01 -1.65719E-02
  6.30773E+00  6.23031E-01 -6.46203E-03
  6.35682E+00  6.10965E-01 -5.92725E-03
  6.40590E+00  5.75724E-01 -7.99564E-03
  6.45499E+00  5.38054E-01 -3.35897E-03
  6.50408E+00  5.11934E-01  5.69357E-03
  6.55317E+00  4.97340E-01  1.04208E-02
  6.60225E+00  4.89716E-01  7.91978E-03
  6.65134E+00  4.87892E-01  1.75867E-03
  6.70043E+00  4.93002E-01 -5.87385E-03
  6.74952E+00  5.03486E-01 -1.49517E-02
  6.79860E+00  5.14834E-01 -2.29132E-02
  6.84769E+00  5.23636E-01 -2.61980E-02
  6.89678E+00  5.30013E-01 -2.49375E-02
  6.94587E+00  5.36519E-01 -2.26053E-02
  6.99495E+00  5.45423E-01 -2.17643E-02
  7.04404E+00  5.56751E-01 -2.17800E-02
  7.09313E+00  5.67293E-01 -2.11703E-02
  7.14221E+00  5.72082E-01 -2.03957E-02
  7.19130E+00  5.69897E-01 -2.05766E-02
  7.24039E+00  5.66823E-01 -2.15126E-02
  7.28948E+00  5.70616E-01 -2.18964E-02
  7.33856E+00  5.80977E-01 -1.99845E-02
  7.38765E+00  5.89131E-01 -1.54400E-02
  7.43674E+00  5.87874E-01 -1.15231E-02
  7.48583E+00  5.78083E-01 -1.33979E-02
  7.53491E+00  5.65223E-01 -2.21022E-02
  7.58400E+00  5.53334E-01 -3.11433E-02
  7.63309E+00  5.43152E-01 -3.21588E-02
  7.68218E+00  5.34344E-01 -2.57314E-02
  7.73126E+00  5.27484E-01 -2.26098E-02
  7.78035E+00  5.22473E-01 -3.19748E-02
  7.82944E+00  5.17826E-01 -5.15362E-02
  7.87853E+00  5.15779E-01 -6.67750E-02
  7.92761E+00  5.21667E-01 -6.22093E-02
  7.97670E+00  5.32404E-01 -4.02525E-02
  8.02579E+00  5.43079E-01 -1.70927E-02
  8.07487E+00  5.62471E-01 -3.19989E-03
  8.12396E+00  5.99358E-01 -4.59205E-04
  8.17305E+00  6.41744E-01 -2.86172E-03
  8.22214E+00  6.61785E-01 -2.01460E-03
  8.27122E+00  6.41465E-01  3.00926E-03
  8.32031E+00  5.91336E-01  8.13974E-03
  8.36940E+00  5.41450E-01  1.11592E-02
  8.41849E+00  5.16201E-01  1.43205E-02
  8.46757E+00  5.19203E-01  1.93833E-02
  8.51666E+00  5.38771E-01  2.30853E-02
  8.56575E+00  5.61873E-01  2.13435E-02
  8.61484E+00  5.82344E-01  1.40877E-02
  8.66392E+00  6.00834E-01  5.03980E-03
  8.71301E+00  6.19070E-01 -1.32705E-03
  8.76210E+00  6.34640E-01 -3.45460E-03
  8.81119E+00  6.42477E-01 -3.51943E-03
  8.86027E+00  6.39434E-01 -4.54456E-03
  8.90936E+00  6.25659E-01 -7.42258E-03
  8.95845E+00  6.04170E-01 -1.05053E-02
  9.00754E+00  5.81476E-01 -1.17710E-02
  9.05662E+00  5.66561E-01 -1.11829E-02
  9.10571E+00  5.66231E-01 -1.09905E-02
  9.15480E+00  5.81042E-01 -1.39817E-02
  9.20388E+00  6.05243E-01 -2.14751E-02
  9.25297E+00  6.30434E-01 -3.23842E-02
  9.30206E+00  6.51138E-01 -4.21322E-02
  9.35115E+00  6.66374E-01 -4.33748E-02
  9.40023E+00  6.75004E-01 -3.31653E-02
  9.44932E+00  6.74364E-01 -1.85164E-02
  9.49841E+00  6.65101E-01 -9.08003E-03
  9.54750E+00  6.52122E-01 -7.42863E-03
  9.59658E+00  6.40291E-01 -9.56493E-03
  9.64567E+00  6.31308E-01 -1.11946E-02
  9.69476E+00  6.23555E-01 -1.08612E-02
  9.74385E+00  6.14506E-01 -8.76701E-03
  9.79293E+00  6.04296E-01 -5.84273E-03
  9.84202E+00  5.97028E-01 -5.11048E-03
  9.89111E+00  5.97264E-01 -1.15167E-02
  9.94020E+00  6.04666E-01 -2.67548E-02
  9.98928E+00  6.14294E-01 -4.48825E-02
  1.00384E+01  6.22280E-01 -5.74803E-02
  1.00875E+01  6.28209E-01 -6.23885E-02
  1.01365E+01  6.32006E-01 -6.38502E-02
  1.01856E+01  6.30849E-01 -6.66514E-02
  1.02347E+01  6.25219E-01 -7.08888E-02
  1.02838E+01  6.27407E-01 -6.85887E-02
  1.03329E+01  6.44425E-01 -5.13235E-02
  1.03820E+01  6.57463E-01 -2.49438E-02
  1.04311E+01  6.44530E-01 -3.33660E-03
  1.04802E+01  6.07130E-01  7.56446E-03
  1.05292E+01  5.59260E-01  1.04609E-02
  1.05783E+01  5.08246E-01  9.39509E-03
  1.06274E+01  4.52150E-01  5.93644E-03
  1.06765E+01  3.88890E-01  5.35128E-04
  1.07256E+01  3.24752E-01 -4.67960E-03
  1.07747E+01  2.72608E-01 -5.94368E-03
  1.08238E+01  2.41359E-01 -1.15666E-03
  1.08729E+01  2.29949E-01  8.17042E-03
  1.09219E+01  2.31882E-01  1.87731E-02
  1.09710E+01  2.41278E-01  2.79196E-02
  1.10201E+01  2.54111E-01  3.39477E-02
  1.10692E+01  2.67213E-01  3.61702E-02
  1.11183E+01  2.77863E-01  3.50266E-02
  1.11674E+01  2.84250E-01  3.19820E-02
  1.12165E+01  2.86142E-01  2.86691E-02
  1.12656E+01  2.84977E-01  2.58099E-02
  1.13146E+01  2.83208E-01  2.27964E-02
  1.13637E+01  2.83561E-01  1.83142E-02
  1.14128E+01  2.88497E-01  1.16626E-02
  1.14619E+01  2.99371E-01  3.71989E-03
  1.15110E+01  3.15357E-01 -3.45785E-03
  1.15601E+01  3.33391E-01 -8.08722E-03
  1.16092E+01  3.49837E-01 -9.65772E-03
  1.16583E+01  3.62555E-01 -8.77529E-03
  1.17073E+01  3.71579E-01 -6.49870E-03
  1.17564E+01  3.78265E-01 -3.83308E-03
  1.18055E+01  3.84084E-01 -1.47383E-03
  1.18546E+01  3.89983E-01  2.66639E-04
  1.19037E+01  3.96343E-01  1.37661E-03
  1.19528E+01  4.03208E-01  1.98136E-03
  1.20019E+01  4.10518E-01  2.21083E-03
  1.20510E+01  4.18256E-01  2.14586E-03
  1.21000E+01  4.26492E-01  1.80800E-03
  1.21491E+01  4.35363E-01  1.16158E-03
  1.21982E+01  4.44980E-01  1.49222E-04
  1.22473E+01  4.55283E-01 -1.23142E-03
  1.22964E+01  4.65927E-01 -2.86835E-03
  1.23455E+01  4.76310E-01 -4.54458E-03
  1.23946E+01  4.85740E-01 -5.98575E-03
  1.24437E+01  4.93615E-01 -6.91131E-03
  1.24927E+01  4.99496E-01 -7.11695E-03
  1.25418E+01  2.50947E-01 -6.58489E-03
