 x/h, U+, V+
  2.45437E-02  5.45479E-01 -7.50947E-03
  7.36311E-02  5.46521E-01 -8.60064E-03
  1.22718E-01  5.49712E-01 -9.46753E-03
  1.71806E-01  5.54762E-01 -1.00294E-02
  2.20893E-01  5.60641E-01 -1.02839E-02
  2.69981E-01  5.66027E-01 -1.03421E-02
  3.19068E-01  5.70145E-01 -1.03381E-02
  3.68155E-01  5.73018E-01 -1.03013E-02
  4.17243E-01  5.74847E-01 -1.03139E-02
  4.66330E-01  5.76185E-01 -1.07829E-02
  5.15418E-01  5.78882E-01 -1.20290E-02
  5.64505E-01  5.84013E-01 -1.36016E-02
  6.13592E-01  5.88478E-01 -1.50466E-02
  6.62680E-01  5.89716E-01 -1.69710E-02
  7.11767E-01  5.93397E-01 -1.92380E-02
  7.60854E-01  6.03430E-01 -2.00154E-02
  8.09942E-01  6.07214E-01 -2.00755E-02
  8.59029E-01  5.96146E-01 -2.16860E-02
  9.08117E-01  5.91587E-01 -1.96754E-02
  9.57204E-01  6.05411E-01 -9.16583E-03
  1.00629E+00  5.97251E-01 -9.64762E-04
  1.05538E+00  5.29153E-01 -4.82550E-03
  1.10447E+00  4.27958E-01 -1.03010E-02
  1.15355E+00  3.46237E-01 -3.41919E-03
  1.20264E+00  3.00174E-01  1.09018E-02
  1.25173E+00  2.77208E-01  2.08838E-02
  1.30082E+00  2.67175E-01  2.34141E-02
  1.34990E+00  2.65989E-01  2.16142E-02
  1.39899E+00  2.70346E-01  1.91572E-02
  1.44808E+00  2.76522E-01  1.81245E-02
  1.49717E+00  2.80986E-01  1.89202E-02
  1.54625E+00  2.81306E-01  2.06739E-02
  1.59534E+00  2.77055E-01  2.22150E-02
  1.64443E+00  2.69856E-01  2.31824E-02
  1.69351E+00  2.62323E-01  2.42676E-02
  1.74260E+00  2.56751E-01  2.64436E-02
  1.79169E+00  2.54381E-01  2.99572E-02
  1.84078E+00  2.55399E-01  3.39242E-02
  1.88986E+00  2.59360E-01  3.67559E-02
  1.93895E+00  2.65840E-01  3.69815E-02
  1.98804E+00  2.75237E-01  3.38926E-02
  2.03713E+00  2.89435E-01  2.78174E-02
  2.08621E+00  3.11780E-01  2.01123E-02
  2.13530E+00  3.45573E-01  1.29812E-02
  2.18439E+00  3.90770E-01  8.80321E-03
  2.23348E+00  4.41445E-01  8.50627E-03
  2.28256E+00  4.88041E-01  1.03741E-02
  2.33165E+00  5.23180E-01  1.14391E-02
  2.38074E+00  5.45301E-01  1.03090E-02
  2.42983E+00  5.57899E-01  7.91907E-03
  2.47891E+00  5.66335E-01  5.36962E-03
  2.52800E+00  5.74605E-01  2.12091E-03
  2.57709E+00  5.83770E-01 -2.80323E-03
  2.62618E+00  5.92919E-01 -8.48742E-03
  2.67526E+00  6.01303E-01 -1.22809E-02
  2.72435E+00  6.09042E-01 -1.24601E-02
  2.77344E+00  6.16300E-01 -9.79541E-03
  2.82252E+00  6.23074E-01 -6.43221E-03
  2.87161E+00  6.29912E-01 -4.16071E-03
  2.92070E+00  6.38022E-01 -3.53451E-03
  2.96979E+00  6.48142E-01 -3.62915E-03
  3.01887E+00  6.58984E-01 -2.81831E-03
  3.06796E+00  6.66501E-01 -6.74540E-04
  3.11705E+00  6.65490E-01  1.30309E-03
  3.16614E+00  6.53764E-01  1.53574E-03
  3.21522E+00  6.35801E-01 -1.90173E-04
  3.26431E+00  6.21192E-01 -3.30030E-03
  3.31340E+00  6.17352E-01 -5.91203E-03
  3.36249E+00  6.23033E-01 -4.77423E-03
  3.41157E+00  6.30602E-01  2.76949E-04
  3.46066E+00  6.34884E-01  4.81293E-03
  3.50975E+00  6.36924E-01  5.14210E-03
  3.55884E+00  6.39376E-01  1.81552E-03
  3.60792E+00  6.41845E-01 -1.87643E-03
  3.65701E+00  6.41563E-01 -3.09305E-03
  3.70610E+00  6.37487E-01 -2.01698E-03
  3.75518E+00  6.32699E-01 -1.57750E-03
  3.80427E+00  6.31792E-01 -4.16742E-03
  3.85336E+00  6.35743E-01 -9.04375E-03
  3.90245E+00  6.39494E-01 -1.29622E-02
  3.95153E+00  6.35437E-01 -1.31491E-02
  4.00062E+00  6.20986E-01 -9.24858E-03
  4.04971E+00  6.01673E-01 -2.63829E-03
  4.09880E+00  5.85611E-01  4.78917E-03
  4.14788E+00  5.77007E-01  1.13301E-02
  4.19697E+00  5.75271E-01  1.59143E-02
  4.24606E+00  5.77638E-01  1.80481E-02
  4.29515E+00  5.81639E-01  1.75318E-02
  4.34423E+00  5.86272E-01  1.46237E-02
  4.39332E+00  5.91808E-01  1.05856E-02
  4.44241E+00  5.98370E-01  7.49281E-03
  4.49150E+00  6.04368E-01  6.53818E-03
  4.54058E+00  6.06613E-01  6.60149E-03
  4.58967E+00  6.02802E-01  5.71687E-03
  4.63876E+00  5.94585E-01  4.15488E-03
  4.68785E+00  5.87372E-01  4.19372E-03
  4.73693E+00  5.85463E-01  5.21558E-03
  4.78602E+00  5.88485E-01  8.69214E-04
  4.83511E+00  5.95023E-01 -1.50880E-02
  4.88419E+00  6.07735E-01 -3.80133E-02
  4.93328E+00  6.29262E-01 -5.26206E-02
  4.98237E+00  6.53815E-01 -5.17605E-02
  5.03146E+00  6.73149E-01 -4.44391E-02
  5.08054E+00  6.89682E-01 -3.81419E-02
  5.12963E+00  7.09059E-01 -2.90312E-02
  5.17872E+00  7.24129E-01 -1.45546E-02
  5.22781E+00  7.22693E-01 -1.86398E-03
  5.27689E+00  7.04433E-01  1.85018E-03
  5.32598E+00  6.78279E-01 -2.82966E-03
  5.37507E+00  6.50636E-01 -1.11059E-02
  5.42416E+00  6.24678E-01 -1.87999E-02
  5.47324E+00  6.06106E-01 -2.28578E-02
  5.52233E+00  5.99910E-01 -2.29830E-02
  5.57142E+00  6.03994E-01 -2.21143E-02
  5.62051E+00  6.13310E-01 -2.25914E-02
  5.66959E+00  6.26949E-01 -2.24299E-02
  5.71868E+00  6.44028E-01 -1.75726E-02
  5.76777E+00  6.54964E-01 -9.48142E-03
  5.81686E+00  6.46253E-01 -4.60546E-03
  5.86594E+00  6.17891E-01 -6.00278E-03
  5.91503E+00  5.96819E-01 -9.67026E-03
  5.96412E+00  6.11294E-01 -7.42785E-03
  6.01320E+00  6.38961E-01  8.75413E-05
  6.06229E+00  6.29169E-01  6.58772E-03
  6.11138E+00  5.69627E-01  1.36728E-02
  6.16047E+00  4.89039E-01  2.37096E-02
  6.20955E+00  4.18849E-01  3.06038E-02
  6.25864E+00  3.73717E-01  2.43392E-02
  6.30773E+00  3.54940E-01  7.82376E-03
  6.35682E+00  3.54987E-01 -3.96515E-03
  6.40590E+00  3.63363E-01 -3.81629E-03
  6.45499E+00  3.74501E-01  4.10601E-03
  6.50408E+00  3.88485E-01  1.33415E-02
  6.55317E+00  4.06757E-01  2.00087E-02
  6.60225E+00  4.29444E-01  2.29279E-02
  6.65134E+00  4.55248E-01  2.24039E-02
  6.70043E+00  4.82410E-01  1.91089E-02
  6.74952E+00  5.09732E-01  1.35754E-02
  6.79860E+00  5.36803E-01  6.46440E-03
  6.84769E+00  5.63093E-01 -9.17555E-04
  6.89678E+00  5.87065E-01 -6.93913E-03
  6.94587E+00  6.06899E-01 -1.09918E-02
  6.99495E+00  6.22388E-01 -1.42761E-02
  7.04404E+00  6.35398E-01 -1.80021E-02
  7.09313E+00  6.46957E-01 -2.05728E-02
  7.14221E+00  6.53530E-01 -1.86804E-02
  7.19130E+00  6.48730E-01 -1.18862E-02
  7.24039E+00  6.31119E-01 -4.10112E-03
  7.28948E+00  6.08557E-01  1.98291E-04
  7.33856E+00  5.92288E-01  7.29385E-04
  7.38765E+00  5.87311E-01  1.33903E-03
  7.43674E+00  5.89857E-01  4.44916E-03
  7.48583E+00  5.93443E-01  8.04741E-03
  7.53491E+00  5.95242E-01  9.07771E-03
  7.58400E+00  5.95553E-01  7.23684E-03
  7.63309E+00  5.92394E-01  4.70185E-03
  7.68218E+00  5.79988E-01  3.60868E-03
  7.73126E+00  5.55461E-01  4.43303E-03
  7.78035E+00  5.24788E-01  6.09434E-03
  7.82944E+00  4.98588E-01  6.62242E-03
  7.87853E+00  4.83750E-01  4.36204E-03
  7.92761E+00  4.80363E-01 -3.31430E-04
  7.97670E+00  4.84054E-01 -5.34438E-03
  8.02579E+00  4.89637E-01 -8.89020E-03
  8.07487E+00  4.92780E-01 -1.05048E-02
  8.12396E+00  4.90507E-01 -1.13212E-02
  8.17305E+00  4.83268E-01 -1.33093E-02
  8.22214E+00  4.75525E-01 -1.69495E-02
  8.27122E+00  4.71886E-01 -2.06222E-02
  8.32031E+00  4.73380E-01 -2.25224E-02
  8.36940E+00  4.77732E-01 -2.19707E-02
  8.41849E+00  4.81134E-01 -1.92440E-02
  8.46757E+00  4.79695E-01 -1.52274E-02
  8.51666E+00  4.71310E-01 -1.10361E-02
  8.56575E+00  4.56854E-01 -7.37199E-03
  8.61484E+00  4.39207E-01 -4.31793E-03
  8.66392E+00  4.21198E-01 -1.83266E-03
  8.71301E+00  4.04308E-01 -9.71389E-05
  8.76210E+00  3.88326E-01  6.80124E-04
  8.81119E+00  3.71797E-01  5.06088E-04
  8.86027E+00  3.53608E-01 -3.11339E-04
  8.90936E+00  3.34745E-01 -1.07619E-03
  8.95845E+00  3.18222E-01 -7.70142E-04
  9.00754E+00  3.07005E-01  1.49118E-03
  9.05662E+00  3.02084E-01  5.82461E-03
  9.10571E+00  3.02493E-01  1.13085E-02
  9.15480E+00  3.06761E-01  1.64149E-02
  9.20388E+00  3.14109E-01  1.98676E-02
  9.25297E+00  3.24587E-01  2.12351E-02
  9.30206E+00  3.38512E-01  2.08702E-02
  9.35115E+00  3.55835E-01  1.93896E-02
  9.40023E+00  3.75810E-01  1.71479E-02
  9.44932E+00  3.97187E-01  1.41129E-02
  9.49841E+00  4.18525E-01  1.03215E-02
  9.54750E+00  4.37674E-01  6.44214E-03
  9.59658E+00  4.50920E-01  3.50582E-03
  9.64567E+00  4.54369E-01  1.98545E-03
  9.69476E+00  4.47454E-01  1.56696E-03
  9.74385E+00  4.34222E-01  1.76608E-03
  9.79293E+00  4.20590E-01  2.37032E-03
  9.84202E+00  4.10864E-01  3.38278E-03
  9.89111E+00  4.06522E-01  4.79808E-03
  9.94020E+00  4.07033E-01  6.45279E-03
  9.98928E+00  4.11175E-01  8.03758E-03
  1.00384E+01  4.17900E-01  9.24718E-03
  1.00875E+01  4.26617E-01  9.93296E-03
  1.01365E+01  4.37076E-01  1.01362E-02
  1.01856E+01  4.49131E-01  1.00010E-02
  1.02347E+01  4.62506E-01  9.65782E-03
  1.02838E+01  4.76645E-01  9.16087E-03
  1.03329E+01  4.90691E-01  8.50139E-03
  1.03820E+01  5.03650E-01  7.65725E-03
  1.04311E+01  5.14683E-01  6.63347E-03
  1.04802E+01  5.23329E-01  5.46824E-03
  1.05292E+01  5.29516E-01  4.19323E-03
  1.05783E+01  5.33416E-01  2.76205E-03
  1.06274E+01  5.35367E-01  1.02107E-03
  1.06765E+01  5.35926E-01 -1.19666E-03
  1.07256E+01  5.35898E-01 -3.89256E-03
  1.07747E+01  5.36193E-01 -6.79623E-03
  1.08238E+01  5.37568E-01 -9.44405E-03
  1.08729E+01  5.40435E-01 -1.13870E-02
  1.09219E+01  5.44849E-01 -1.23656E-02
  1.09710E+01  5.50582E-01 -1.23417E-02
  1.10201E+01  5.57139E-01 -1.14234E-02
  1.10692E+01  5.63773E-01 -9.80202E-03
  1.11183E+01  5.69661E-01 -7.75299E-03
  1.11674E+01  5.74256E-01 -5.62379E-03
  1.12165E+01  5.77551E-01 -3.73608E-03
  1.12656E+01  5.79975E-01 -2.25349E-03
  1.13146E+01  5.82002E-01 -1.14080E-03
  1.13637E+01  5.83812E-01 -2.66716E-04
  1.14128E+01  5.85283E-01  4.35494E-04
  1.14619E+01  5.86273E-01  8.99116E-04
  1.15110E+01  5.86834E-01  1.00464E-03
  1.15601E+01  5.87107E-01  7.01531E-04
  1.16092E+01  5.87043E-01  3.43967E-05
  1.16583E+01  5.86367E-01 -9.09661E-04
  1.17073E+01  5.84919E-01 -2.02000E-03
  1.17564E+01  5.83033E-01 -3.12764E-03
  1.18055E+01  5.81481E-01 -4.00579E-03
  1.18546E+01  5.81005E-01 -4.46359E-03
  1.19037E+01  5.81839E-01 -4.46507E-03
  1.19528E+01  5.83591E-01 -4.13737E-03
  1.20019E+01  5.85398E-01 -3.64270E-03
  1.20510E+01  5.86204E-01 -3.06514E-03
  1.21000E+01  5.85118E-01 -2.43803E-03
  1.21491E+01  5.81806E-01 -1.83291E-03
  1.21982E+01  5.76666E-01 -1.37043E-03
  1.22473E+01  5.70617E-01 -1.16399E-03
  1.22964E+01  5.64643E-01 -1.28710E-03
  1.23455E+01  5.59380E-01 -1.77391E-03
  1.23946E+01  5.54990E-01 -2.61236E-03
  1.24437E+01  5.51351E-01 -3.72793E-03
  1.24927E+01  5.48386E-01 -4.99384E-03
  1.25418E+01  2.73538E-01 -6.28340E-03
