 x/h, U+, V+
  2.45437E-02  4.07135E-01 -2.94169E-03
  7.36311E-02  3.99678E-01 -2.97314E-03
  1.22718E-01  3.90367E-01 -2.52071E-03
  1.71806E-01  3.79398E-01 -2.11322E-03
  2.20893E-01  3.67360E-01 -2.27140E-03
  2.69981E-01  3.55152E-01 -3.18281E-03
  3.19068E-01  3.43808E-01 -4.51335E-03
  3.68155E-01  3.34099E-01 -5.48125E-03
  4.17243E-01  3.26135E-01 -5.24516E-03
  4.66330E-01  3.19468E-01 -3.40168E-03
  5.15418E-01  3.13685E-01 -2.31889E-04
  5.64505E-01  3.08862E-01  3.46099E-03
  6.13592E-01  3.05585E-01  6.76279E-03
  6.62680E-01  3.04680E-01  9.02368E-03
  7.11767E-01  3.06880E-01  1.00104E-02
  7.60854E-01  3.12542E-01  9.83499E-03
  8.09942E-01  3.21488E-01  8.78443E-03
  8.59029E-01  3.33036E-01  7.16887E-03
  9.08117E-01  3.46188E-01  5.23613E-03
  9.57204E-01  3.59892E-01  3.14374E-03
  1.00629E+00  3.73280E-01  9.73373E-04
  1.05538E+00  3.85839E-01 -1.22877E-03
  1.10447E+00  3.97474E-01 -3.40976E-03
  1.15355E+00  4.08442E-01 -5.49052E-03
  1.20264E+00  4.19177E-01 -7.37789E-03
  1.25173E+00  4.30058E-01 -8.99461E-03
  1.30082E+00  4.41208E-01 -1.02999E-02
  1.34990E+00  4.52425E-01 -1.12902E-02
  1.39899E+00  4.63285E-01 -1.19983E-02
  1.44808E+00  4.73384E-01 -1.25029E-02
  1.49717E+00  4.82586E-01 -1.29085E-02
  1.54625E+00  4.91088E-01 -1.32585E-02
  1.59534E+00  4.99241E-01 -1.34403E-02
  1.64443E+00  5.07265E-01 -1.32241E-02
  1.69351E+00  5.15143E-01 -1.24718E-02
  1.74260E+00  5.22770E-01 -1.13614E-02
  1.79169E+00  5.30208E-01 -1.04208E-02
  1.84078E+00  5.37789E-01 -1.02635E-02
  1.88986E+00  5.46051E-01 -1.10481E-02
  1.93895E+00  5.55493E-01 -1.20051E-02
  1.98804E+00  5.66157E-01 -1.16911E-02
  2.03713E+00  5.77256E-01 -9.10713E-03
  2.08621E+00  5.87333E-01 -4.67924E-03
  2.13530E+00  5.95024E-01 -5.80302E-05
  2.18439E+00  5.99872E-01  3.01889E-03
  2.23348E+00  6.02602E-01  3.74749E-03
  2.28256E+00  6.04761E-01  2.55354E-03
  2.33165E+00  6.07775E-01  7.77662E-04
  2.38074E+00  6.11801E-01  2.34184E-05
  2.42983E+00  6.15426E-01  1.33182E-03
  2.47891E+00  6.16832E-01  4.54004E-03
  2.52800E+00  6.15271E-01  8.35309E-03
  2.57709E+00  6.11003E-01  1.11368E-02
  2.62618E+00  6.03842E-01  1.17837E-02
  2.67526E+00  5.92448E-01  1.01261E-02
  2.72435E+00  5.75582E-01  6.88068E-03
  2.77344E+00  5.53836E-01  3.26251E-03
  2.82252E+00  5.29645E-01  3.73960E-04
  2.87161E+00  5.05690E-01 -1.33769E-03
  2.92070E+00  4.83616E-01 -2.13699E-03
  2.96979E+00  4.64021E-01 -2.53572E-03
  3.01887E+00  4.46987E-01 -2.76847E-03
  3.06796E+00  4.32368E-01 -2.66043E-03
  3.11705E+00  4.19812E-01 -1.90513E-03
  3.16614E+00  4.08846E-01 -4.12512E-04
  3.21522E+00  3.99084E-01  1.58551E-03
  3.26431E+00  3.90373E-01  3.68994E-03
  3.31340E+00  3.82762E-01  5.55572E-03
  3.36249E+00  3.76384E-01  7.00834E-03
  3.41157E+00  3.71369E-01  8.02660E-03
  3.46066E+00  3.67781E-01  8.66833E-03
  3.50975E+00  3.65577E-01  9.01837E-03
  3.55884E+00  3.64621E-01  9.16484E-03
  3.60792E+00  3.64762E-01  9.17398E-03
  3.65701E+00  3.65911E-01  9.08733E-03
  3.70610E+00  3.68005E-01  8.97302E-03
  3.75518E+00  3.70866E-01  8.97177E-03
  3.80427E+00  3.74179E-01  9.26701E-03
  3.85336E+00  3.77697E-01  1.00040E-02
  3.90245E+00  3.81482E-01  1.12113E-02
  3.95153E+00  3.85872E-01  1.27391E-02
  4.00062E+00  3.91221E-01  1.42393E-02
  4.04971E+00  3.97686E-01  1.52356E-02
  4.09880E+00  4.05219E-01  1.52849E-02
  4.14788E+00  4.13635E-01  1.41699E-02
  4.19697E+00  4.22653E-01  1.20312E-02
  4.24606E+00  4.31951E-01  9.35990E-03
  4.29515E+00  4.41225E-01  6.80833E-03
  4.34423E+00  4.50212E-01  4.88167E-03
  4.39332E+00  4.58683E-01  3.73358E-03
  4.44241E+00  4.66496E-01  3.25333E-03
  4.49150E+00  4.73652E-01  3.30972E-03
  4.54058E+00  4.80234E-01  3.82614E-03
  4.58967E+00  4.86248E-01  4.62264E-03
  4.63876E+00  4.91543E-01  5.30779E-03
  4.68785E+00  4.95968E-01  5.44300E-03
  4.73693E+00  4.99595E-01  4.85547E-03
  4.78602E+00  5.02705E-01  3.80519E-03
  4.83511E+00  5.05551E-01  2.84064E-03
  4.88419E+00  5.08199E-01  2.40329E-03
  4.93328E+00  5.10537E-01  2.44464E-03
  4.98237E+00  5.12140E-01  2.41295E-03
  5.03146E+00  5.12154E-01  1.79544E-03
  5.08054E+00  5.09980E-01  8.89165E-04
  5.12963E+00  5.06782E-01  7.95094E-04
  5.17872E+00  5.06074E-01  2.13896E-03
  5.22781E+00  5.11995E-01  4.06480E-03
  5.27689E+00  5.26225E-01  5.30561E-03
  5.32598E+00  5.46106E-01  5.68577E-03
  5.37507E+00  5.65668E-01  5.62755E-03
  5.42416E+00  5.78811E-01  5.08144E-03
  5.47324E+00  5.82458E-01  3.58697E-03
  5.52233E+00  5.78116E-01  1.04724E-03
  5.57142E+00  5.71070E-01 -1.62188E-03
  5.62051E+00  5.67012E-01 -2.78984E-03
  5.66959E+00  5.67604E-01 -1.58438E-03
  5.71868E+00  5.69169E-01  1.09552E-03
  5.76777E+00  5.66607E-01  3.67833E-03
  5.81686E+00  5.58287E-01  5.60119E-03
  5.86594E+00  5.46659E-01  7.43408E-03
  5.91503E+00  5.34730E-01  9.69774E-03
  5.96412E+00  5.23085E-01  1.17172E-02
  6.01320E+00  5.11008E-01  1.19315E-02
  6.06229E+00  4.99356E-01  9.57785E-03
  6.11138E+00  4.91032E-01  5.78927E-03
  6.16047E+00  4.88938E-01  3.05270E-03
  6.20955E+00  4.93793E-01  3.49267E-03
  6.25864E+00  5.03727E-01  7.20549E-03
  6.30773E+00  5.15773E-01  1.23299E-02
  6.35682E+00  5.26953E-01  1.65835E-02
  6.40590E+00  5.34021E-01  1.83088E-02
  6.45499E+00  5.34250E-01  1.68603E-02
  6.50408E+00  5.27479E-01  1.29609E-02
  6.55317E+00  5.15748E-01  8.33593E-03
  6.60225E+00  4.99495E-01  4.64513E-03
  6.65134E+00  4.75774E-01  2.84565E-03
  6.70043E+00  4.42702E-01  3.19128E-03
  6.74952E+00  4.04637E-01  5.33914E-03
  6.79860E+00  3.70174E-01  8.48712E-03
  6.84769E+00  3.45468E-01  1.16174E-02
  6.89678E+00  3.31196E-01  1.38649E-02
  6.94587E+00  3.24717E-01  1.49076E-02
  6.99495E+00  3.23056E-01  1.50251E-02
  7.04404E+00  3.24126E-01  1.47461E-02
  7.09313E+00  3.26718E-01  1.44572E-02
  7.14221E+00  3.30193E-01  1.42705E-02
  7.19130E+00  3.34235E-01  1.41087E-02
  7.24039E+00  3.38764E-01  1.38293E-02
  7.28948E+00  3.44001E-01  1.32975E-02
  7.33856E+00  3.50434E-01  1.24308E-02
  7.38765E+00  3.58508E-01  1.12209E-02
  7.43674E+00  3.68276E-01  9.70687E-03
  7.48583E+00  3.79452E-01  7.95707E-03
  7.53491E+00  3.91727E-01  6.11148E-03
  7.58400E+00  4.04794E-01  4.45744E-03
  7.63309E+00  4.17978E-01  3.41133E-03
  7.68218E+00  4.30374E-01  3.23410E-03
  7.73126E+00  4.41890E-01  3.77737E-03
  7.78035E+00  4.53606E-01  4.72705E-03
  7.82944E+00  4.66267E-01  5.91551E-03
  7.87853E+00  4.78857E-01  7.03852E-03
  7.92761E+00  4.89476E-01  7.36105E-03
  7.97670E+00  4.97367E-01  6.41446E-03
  8.02579E+00  5.03424E-01  4.86667E-03
  8.07487E+00  5.08476E-01  3.70542E-03
  8.12396E+00  5.11233E-01  2.23154E-03
  8.17305E+00  5.09147E-01 -2.05390E-03
  8.22214E+00  5.03095E-01 -1.04980E-02
  8.27122E+00  5.00436E-01 -2.05152E-02
  8.32031E+00  5.08837E-01 -2.73758E-02
  8.36940E+00  5.26166E-01 -2.94976E-02
  8.41849E+00  5.43135E-01 -2.94658E-02
  8.46757E+00  5.57862E-01 -2.82438E-02
  8.51666E+00  5.77579E-01 -2.22099E-02
  8.56575E+00  5.98299E-01 -1.01666E-02
  8.61484E+00  5.98081E-01  2.21731E-03
  8.66392E+00  5.62600E-01  9.68934E-03
  8.71301E+00  5.01680E-01  1.21576E-02
  8.76210E+00  4.35601E-01  1.18247E-02
  8.81119E+00  3.78357E-01  1.07717E-02
  8.86027E+00  3.34821E-01  1.08627E-02
  8.90936E+00  3.04790E-01  1.31924E-02
  8.95845E+00  2.85966E-01  1.74451E-02
  9.00754E+00  2.75305E-01  2.25314E-02
  9.05662E+00  2.69956E-01  2.76776E-02
  9.10571E+00  2.68025E-01  3.25025E-02
  9.15480E+00  2.69301E-01  3.61288E-02
  9.20388E+00  2.74937E-01  3.72997E-02
  9.25297E+00  2.84686E-01  3.56436E-02
  9.30206E+00  2.94354E-01  3.13711E-02
  9.35115E+00  2.97766E-01  2.42880E-02
  9.40023E+00  2.91471E-01  1.47293E-02
  9.44932E+00  2.76849E-01  4.55115E-03
  9.49841E+00  2.58401E-01 -3.80607E-03
  9.54750E+00  2.40888E-01 -9.02666E-03
  9.59658E+00  2.28192E-01 -1.07968E-02
  9.64567E+00  2.23821E-01 -8.39482E-03
  9.69476E+00  2.30341E-01 -1.82561E-03
  9.74385E+00  2.47991E-01  6.55127E-03
  9.79293E+00  2.75116E-01  1.46616E-02
  9.84202E+00  3.08930E-01  2.31581E-02
  9.89111E+00  3.45395E-01  3.27515E-02
  9.94020E+00  3.80458E-01  4.14550E-02
  9.98928E+00  4.11939E-01  4.61658E-02
  1.00384E+01  4.39372E-01  4.52952E-02
  1.00875E+01  4.62747E-01  4.01440E-02
  1.01365E+01  4.82714E-01  3.45573E-02
  1.01856E+01  5.01448E-01  3.15432E-02
  1.02347E+01  5.20410E-01  2.97038E-02
  1.02838E+01  5.37229E-01  2.62019E-02
  1.03329E+01  5.48925E-01  2.21408E-02
  1.03820E+01  5.56759E-01  2.00631E-02
  1.04311E+01  5.64863E-01  1.70627E-02
  1.04802E+01  5.81427E-01  8.04622E-03
  1.05292E+01  6.13276E-01 -1.50269E-03
  1.05783E+01  6.40207E-01 -2.05555E-03
  1.06274E+01  6.30389E-01  2.41939E-03
  1.06765E+01  5.94114E-01  4.01420E-03
  1.07256E+01  5.67322E-01 -2.76156E-03
  1.07747E+01  5.56732E-01 -8.82933E-03
  1.08238E+01  5.46083E-01 -6.34813E-03
  1.08729E+01  5.35685E-01 -1.45245E-02
  1.09219E+01  5.47478E-01 -4.23391E-02
  1.09710E+01  5.85038E-01 -6.02689E-02
  1.10201E+01  6.08063E-01 -4.78430E-02
  1.10692E+01  5.84997E-01 -1.75496E-02
  1.11183E+01  5.41929E-01  5.59294E-03
  1.11674E+01  5.18901E-01  2.16397E-03
  1.12165E+01  5.17980E-01 -2.17792E-02
  1.12656E+01  5.20732E-01 -4.12667E-02
  1.13146E+01  5.23619E-01 -4.01575E-02
  1.13637E+01  5.32074E-01 -2.49852E-02
  1.14128E+01  5.43250E-01 -1.19398E-02
  1.14619E+01  5.50367E-01 -9.49014E-03
  1.15110E+01  5.50836E-01 -1.65794E-02
  1.15601E+01  5.47095E-01 -2.67973E-02
  1.16092E+01  5.44951E-01 -3.27472E-02
  1.16583E+01  5.50402E-01 -3.03323E-02
  1.17073E+01  5.65035E-01 -2.06938E-02
  1.17564E+01  5.83808E-01 -8.76419E-03
  1.18055E+01  5.98814E-01  5.69462E-04
  1.18546E+01  6.05253E-01  5.27693E-03
  1.19037E+01  6.03025E-01  6.07597E-03
  1.19528E+01  5.93912E-01  4.82292E-03
  1.20019E+01  5.78827E-01  3.11694E-03
  1.20510E+01  5.57945E-01  1.73983E-03
  1.21000E+01  5.32533E-01  8.15697E-04
  1.21491E+01  5.05608E-01  2.25825E-04
  1.21982E+01  4.80693E-01 -1.04186E-04
  1.22473E+01  4.60276E-01 -1.49028E-04
  1.22964E+01  4.45188E-01  9.07180E-05
  1.23455E+01  4.34815E-01  4.27989E-04
  1.23946E+01  4.27745E-01  4.95665E-04
  1.24437E+01  4.22482E-01 -1.36936E-05
  1.24927E+01  4.17857E-01 -1.06218E-03
  1.25418E+01  2.07791E-01 -2.21873E-03
